X "WELL" "DATE" "ELEV" "LAT" "LON"
1 1 "17S11E22E002S" "2000-03-29" 206.84 32.6596 -115.848
2 2 "17S11E22E002S" "2005-03-23" 208.21 32.6596 -115.848
3 3 "17S11E22E002S" "2005-10-25" 208.39 32.6596 -115.848
4 4 "17S11E22E002S" "2006-03-22" 208.36 32.6596 -115.848
5 5 "17S11E22E002S" "2006-10-24" 208.69 32.6596 -115.848
6 6 "17S11E22E002S" "2007-03-26" 208.83 32.6596 -115.848
7 7 "17S11E22E002S" "2007-10-30" 208.96 32.6596 -115.848
8 8 "17S11E22E002S" "2008-03-27" 209.12 32.6596 -115.848
9 9 "17S11E22E002S" "2008-10-28" 209.18 32.6596 -115.848
10 10 "17S11E22E002S" "2009-03-30" 209.17 32.6596 -115.848
11 11 "17S11E22E002S" "2009-10-15" 209.46 32.6596 -115.848
12 12 "17S11E22E002S" "2010-03-24" 209.55 32.6596 -115.848
13 13 "17S11E22E002S" "2010-10-27" 209.97 32.6596 -115.848
14 14 "325536N1170608W001" "2011-12-22" 28.88 32.55361 -117.06083
15 15 "325536N1170608W001" "2012-05-31" 28.15 32.55361 -117.06083
16 16 "325536N1170608W001" "2012-12-31" 28.19 32.55361 -117.06083
17 17 "325536N1170608W001" "2013-04-24" 29.76 32.55361 -117.06083
18 18 "325536N1170608W001" "2013-11-01" 28.02 32.55361 -117.06083
19 19 "325536N1170608W001" "2014-03-17" 29.86 32.55361 -117.06083
20 20 "325536N1170608W001" "2014-10-15" 26.12 32.55361 -117.06083
21 21 "325910N1170835W006" "2011-12-22" 10.57 32.59099 -117.08351
22 22 "325910N1170835W006" "2012-05-31" 9.62 32.59099 -117.08351
23 23 "325910N1170835W006" "2012-12-31" 10.07 32.59099 -117.08351
24 24 "325910N1170835W006" "2013-04-24" 10.74 32.59099 -117.08351
25 25 "325910N1170835W006" "2013-11-01" 8.32 32.59099 -117.08351
26 26 "325910N1170835W006" "2014-03-17" 11.63 32.59099 -117.08351
27 27 "325910N1170835W006" "2014-10-15" 7.62 32.59099 -117.08351
28 28 "326821N1171124W006" "2011-12-22" 2.09 32.68209 -117.11241
29 29 "326821N1171124W006" "2012-05-31" 2 32.68209 -117.11241
30 30 "326821N1171124W006" "2012-12-31" 2.19 32.68209 -117.11241
31 31 "326821N1171124W006" "2013-04-24" 0.91 32.68209 -117.11241
32 32 "326821N1171124W006" "2013-11-01" 3.26 32.68209 -117.11241
33 33 "326821N1171124W006" "2014-03-17" 3.45 32.68209 -117.11241
34 34 "326821N1171124W006" "2014-10-15" 2.82 32.68209 -117.11241
35 35 "17S10E11H003S" "2000-03-29" 206.58 32.6882 -115.9239
36 36 "17S10E11H003S" "2005-03-30" 208.62 32.6882 -115.9239
37 37 "17S10E11H003S" "2005-10-25" 209.59 32.6882 -115.9239
38 38 "17S10E11H003S" "2006-03-30" 209.37 32.6882 -115.9239
39 39 "17S10E11H003S" "2007-10-30" 210.78 32.6882 -115.9239
40 40 "17S10E11H003S" "2008-03-20" 211.62 32.6882 -115.9239
41 41 "17S10E11H003S" "2008-10-28" 211.48 32.6882 -115.9239
42 42 "17S10E11H003S" "2009-03-25" 207.81 32.6882 -115.9239
43 43 "17S10E11H003S" "2009-04-22" 211.03 32.6882 -115.9239
44 44 "17S10E11H003S" "2009-10-15" 211.09 32.6882 -115.9239
45 45 "17S10E11H003S" "2010-06-01" 212.31 32.6882 -115.9239
46 46 "17S10E11H003S" "2010-10-27" 212.18 32.6882 -115.9239
47 47 "17S10E11G004S" "2007-03-26" 206.3 32.6888 -115.9272
48 48 "17S10E11G004S" "2007-10-30" 206.58 32.6888 -115.9272
49 49 "17S10E11G004S" "2008-03-20" 206.71 32.6888 -115.9272
50 50 "17S10E11G004S" "2008-10-28" 206.97 32.6888 -115.9272
51 51 "17S10E11G004S" "2009-03-30" 207.21 32.6888 -115.9272
52 52 "17S10E11G004S" "2009-10-15" 207.55 32.6888 -115.9272
53 53 "17S10E11G004S" "2010-03-24" 207.83 32.6888 -115.9272
54 54 "17S10E11G004S" "2010-10-27" 207.69 32.6888 -115.9272
55 55 "17S10E11G001S" "2000-03-29" 203.33 32.6899 -115.9264
56 56 "17S10E11G001S" "2005-10-25" 206.18 32.6899 -115.9264
57 57 "17S10E11G001S" "2006-03-22" 206.22 32.6899 -115.9264
58 58 "17S10E11G001S" "2006-10-24" 206.52 32.6899 -115.9264
59 59 "17S10E11G001S" "2007-03-26" 206.26 32.6899 -115.9264
60 60 "17S10E11G001S" "2010-03-23" 208.56 32.6899 -115.9264
61 61 "17S10E11G001S" "2010-10-27" 208.7 32.6899 -115.9264
62 62 "17S10E11B001S" "2000-03-29" 216.13 32.6941 -115.9264
63 63 "17S10E11B001S" "2005-03-23" 218.02 32.6941 -115.9264
64 64 "17S10E11B001S" "2005-10-25" 218.18 32.6941 -115.9264
65 65 "17S10E11B001S" "2006-03-22" 218.36 32.6941 -115.9264
66 66 "17S10E11B001S" "2006-10-24" 218.47 32.6941 -115.9264
67 67 "17S10E11B001S" "2007-03-26" 218.76 32.6941 -115.9264
68 68 "17S10E11B001S" "2007-10-30" 218.92 32.6941 -115.9264
69 69 "17S10E11B001S" "2008-03-27" 219.11 32.6941 -115.9264
70 70 "17S10E11B001S" "2008-10-28" 219.25 32.6941 -115.9264
71 71 "17S10E11G004S" "2000-03-29" 202.13 32.6888 -115.9272
72 72 "17S10E11G004S" "2005-03-23" 205.34 32.6888 -115.9272
73 73 "17S10E11G004S" "2005-10-25" 205.53 32.6888 -115.9272
74 74 "17S10E11G004S" "2006-03-22" 205.69 32.6888 -115.9272
75 75 "17S10E11G004S" "2006-10-24" 206.34 32.6888 -115.9272
76 76 "17S11E16J001S" "2000-03-29" 207.3 32.6704 -115.8547
77 77 "17S11E16J001S" "2005-03-23" 208.62 32.6704 -115.8547
78 78 "17S11E16J001S" "2005-10-25" 208.82 32.6704 -115.8547
79 79 "17S11E16J001S" "2006-03-22" 208.91 32.6704 -115.8547
80 80 "17S11E16J001S" "2006-10-24" 209.21 32.6704 -115.8547
81 81 "17S11E16J001S" "2007-03-26" 209.34 32.6704 -115.8547
82 82 "17S11E16J001S" "2007-10-30" 209.46 32.6704 -115.8547
83 83 "17S11E16J001S" "2008-03-27" 209.41 32.6704 -115.8547
84 84 "17S11E16J001S" "2008-10-28" 209.7 32.6704 -115.8547
85 85 "17S11E16J001S" "2009-03-30" 209.7 32.6704 -115.8547
86 86 "17S11E16J001S" "2009-10-15" 209.97 32.6704 -115.8547
87 87 "17S11E16J001S" "2010-03-23" 210.08 32.6704 -115.8547
88 88 "17S11E16J001S" "2010-10-27" 210.27 32.6704 -115.8547
89 89 "17S10E11B001S" "2009-03-30" 219.47 32.6941 -115.9264
90 90 "17S10E11B001S" "2009-10-15" 219.85 32.6941 -115.9264
91 91 "17S10E11B001S" "2010-03-24" 220.07 32.6941 -115.9264
92 92 "17S10E11B001S" "2010-10-27" 220.21 32.6941 -115.9264
93 93 "16S11E42L001S" "2005-03-23" 168.87 32.7143 -115.8744
94 94 "16S11E42L001S" "2005-10-25" 171.45 32.7143 -115.8744
95 95 "16S11E42L001S" "2006-03-22" 170.71 32.7143 -115.8744
96 96 "16S11E42L001S" "2006-10-24" 169.64 32.7143 -115.8744
97 97 "16S11E42L001S" "2007-03-28" 168.99 32.7143 -115.8744
98 98 "16S11E42L001S" "2007-10-30" 168.17 32.7143 -115.8744
99 99 "16S11E42L001S" "2008-03-27" 167.68 32.7143 -115.8744
100 100 "16S11E42L001S" "2008-10-28" 166.99 32.7143 -115.8744
101 101 "16S11E42L001S" "2009-03-30" 166.56 32.7143 -115.8744
102 102 "16S11E42L001S" "2009-10-15" 166.02 32.7143 -115.8744
103 103 "16S11E42L001S" "2010-03-24" 165.59 32.7143 -115.8744
104 104 "16S11E42L001S" "2010-10-27" 164.99 32.7143 -115.8744
105 105 "16S20E32L001S" "2010-04-08" 101.4 32.7144 -114.9343
106 106 "16S20E32L001S" "2010-05-24" 100.68 32.7144 -114.9343
107 107 "16S20E32L001S" "2010-06-30" 100.23 32.7144 -114.9343
108 108 "16S20E32L001S" "2010-08-03" 99.88 32.7144 -114.9343
109 109 "16S20E32L001S" "2010-11-19" 97.42 32.7144 -114.9343
110 110 "16S21E31P003S" "2009-06-17" 141.68 32.7177 -114.8029
111 111 "16S21E31P003S" "2010-11-10" 127.8 32.7177 -114.8029
112 112 "16S21E31P003S" "2010-11-19" 127.59 32.7177 -114.8029
113 113 "16S21E33E001S" "2008-06-10" 145.66 32.7235 -114.7711
114 114 "16S21E33E001S" "2008-12-16" 152.11 32.7235 -114.7711
115 115 "16S21E33E001S" "2009-06-08" 142.95 32.7235 -114.7711
116 116 "16S21E33E001S" "2009-07-29" 141.18 32.7235 -114.7711
117 117 "16S21E33E001S" "2009-07-29" 141.16 32.7235 -114.7711
118 118 "16S21E33E001S" "2009-07-30" 141.11 32.7235 -114.7711
119 119 "16S21E33E001S" "2009-09-25" 139.61 32.7235 -114.7711
120 120 "16S21E33E001S" "2009-10-21" 138.95 32.7235 -114.7711
121 121 "16S21E33E001S" "2009-11-04" 138.6 32.7235 -114.7711
122 122 "16S21E33E001S" "2009-12-11" 137.65 32.7235 -114.7711
123 123 "16S21E33E001S" "2010-01-26" 136.61 32.7235 -114.7711
124 124 "16S21E33E001S" "2010-03-17" 135.6 32.7235 -114.7711
125 125 "16S21E33E001S" "2010-03-30" 135.38 32.7235 -114.7711
126 126 "16S21E33E001S" "2010-04-08" 135.23 32.7235 -114.7711
127 127 "16S21E33E001S" "2010-05-25" 134.39 32.7235 -114.7711
128 128 "16S21E33E001S" "2010-06-30" 133.95 32.7235 -114.7711
129 129 "16S21E33E001S" "2010-08-03" 133.53 32.7235 -114.7711
130 130 "16S21E33E001S" "2010-11-17" 132.33 32.7235 -114.7711
131 131 "16S22E27K001S" "2000-03-29" 116.22 32.7378 -114.6388
132 132 "16S22E27K001S" "2008-03-27" 114.88 32.7378 -114.6388
133 133 "16S22E27K001S" "2008-10-29" 115.21 32.7378 -114.6388
134 134 "16S22E27K001S" "2009-03-31" 115.44 32.7378 -114.6388
135 135 "16S22E27K001S" "2009-10-16" 114.65 32.7378 -114.6388
136 136 "16S22E27K001S" "2010-03-24" 115.22 32.7378 -114.6388
137 137 "16S22E27K001S" "2010-10-28" 115.61 32.7378 -114.6388
138 138 "327378N1170722W001" "2012-12-31" 308.99 32.73778 -117.07222
139 139 "16S19E23N001S" "2009-07-28" 102.08 32.7382 -114.9821
140 140 "16S19E23N001S" "2009-09-18" 101.14 32.7382 -114.9821
141 141 "16S19E23N001S" "2009-09-25" 101.53 32.7382 -114.9821
142 142 "16S19E23N001S" "2009-11-04" 101.13 32.7382 -114.9821
143 143 "16S19E23N001S" "2009-12-08" 100.79 32.7382 -114.9821
144 144 "16S19E23N001S" "2009-12-08" 100.8 32.7382 -114.9821
145 145 "16S19E23N001S" "2010-01-27" 100.38 32.7382 -114.9821
146 146 "16S19E23N001S" "2010-03-17" 99.85 32.7382 -114.9821
147 147 "16S19E23N001S" "2010-04-08" 99.62 32.7382 -114.9821
148 148 "16S19E23N001S" "2010-04-20" 99.46 32.7382 -114.9821
149 149 "16S19E23N001S" "2010-05-24" 99.23 32.7382 -114.9821
150 150 "16S19E23N001S" "2010-06-29" 98.7 32.7382 -114.9821
151 151 "16S19E23N001S" "2010-08-03" 98.33 32.7382 -114.9821
152 152 "16S19E23N001S" "2010-11-18" 97.43 32.7382 -114.9821
153 153 "16S10E31B001S" "2000-03-29" 252.9 32.7382 -115.975
154 154 "16S10E31B001S" "2005-03-23" 251.04 32.7382 -115.975
155 155 "16S10E31B001S" "2005-10-25" 250.66 32.7382 -115.975
156 156 "16S10E31B001S" "2006-03-22" 250.54 32.7382 -115.975
157 157 "16S10E31B001S" "2006-10-24" 250.46 32.7382 -115.975
158 158 "16S10E31B001S" "2007-03-26" 250.46 32.7382 -115.975
159 159 "16S10E31B001S" "2007-10-30" 250.04 32.7382 -115.975
160 160 "16S10E31B001S" "2008-03-20" 250 32.7382 -115.975
161 161 "16S10E31B001S" "2008-10-28" 249.98 32.7382 -115.975
162 162 "16S10E31B001S" "2009-03-30" 250.18 32.7382 -115.975
163 163 "16S10E31B001S" "2009-10-15" 250.29 32.7382 -115.975
164 164 "16S10E31B001S" "2010-03-24" 250.53 32.7382 -115.975
165 165 "16S10E31B001S" "2010-10-27" 250.6 32.7382 -115.975
166 166 "16S09E24D001S" "2000-03-27" 276.66 32.7663 -115.9994
167 167 "16S09E24D001S" "2005-03-29" 275.91 32.7663 -115.9994
168 168 "16S09E24D001S" "2005-10-25" 275.72 32.7663 -115.9994
169 169 "16S09E24D001S" "2006-03-22" 275.76 32.7663 -115.9994
170 170 "16S09E24D001S" "2006-10-24" 275.71 32.7663 -115.9994
171 171 "16S09E24D001S" "2007-03-26" 275.59 32.7663 -115.9994
172 172 "16S09E24D001S" "2007-10-30" 275.48 32.7663 -115.9994
173 173 "16S09E24D001S" "2008-03-20" 275.35 32.7663 -115.9994
174 174 "16S09E24D001S" "2008-10-28" 275.3 32.7663 -115.9994
175 175 "16S09E36D002S" "2000-03-29" 274.91 32.7396 -116.0025
176 176 "16S09E36D002S" "2005-03-23" 272.84 32.7396 -116.0025
177 177 "16S09E36D002S" "2005-10-25" 272.63 32.7396 -116.0025
178 178 "16S09E36D002S" "2006-03-22" 272.53 32.7396 -116.0025
179 179 "16S09E36D002S" "2006-10-24" 272.43 32.7396 -116.0025
180 180 "16S09E36D002S" "2007-03-26" 272.41 32.7396 -116.0025
181 181 "16S09E36D002S" "2007-10-30" 272.14 32.7396 -116.0025
182 182 "16S09E36D002S" "2008-03-20" 272.21 32.7396 -116.0025
183 183 "16S09E36D002S" "2008-10-28" 272.17 32.7396 -116.0025
184 184 "16S09E36D002S" "2009-03-30" 272.38 32.7396 -116.0025
185 185 "16S09E36D002S" "2009-10-15" 272.64 32.7396 -116.0025
186 186 "16S09E36D002S" "2010-03-24" 272.86 32.7396 -116.0025
187 187 "16S09E36D002S" "2010-10-27" 273.09 32.7396 -116.0025
188 188 "16S09E24D001S" "2009-03-23" 275.17 32.7663 -115.9994
189 189 "16S09E24D001S" "2009-10-15" 275.25 32.7663 -115.9994
190 190 "16S09E24D001S" "2010-03-29" 275.09 32.7663 -115.9994
191 191 "16S09E24D001S" "2010-10-27" 275.06 32.7663 -115.9994
192 192 "16S09E26F001S" "2000-03-29" 237.29 32.7488 -116.0122
193 193 "16S09E26F001S" "2005-03-23" 236.32 32.7488 -116.0122
194 194 "16S09E26F001S" "2005-10-25" 235.02 32.7488 -116.0122
195 195 "16S09E26F001S" "2006-03-22" 236.02 32.7488 -116.0122
196 196 "16S09E26F001S" "2007-03-26" 235.85 32.7488 -116.0122
197 197 "16S09E26F001S" "2007-10-30" 235.59 32.7488 -116.0122
198 198 "16S09E26F001S" "2008-03-27" 235.56 32.7488 -116.0122
199 199 "16S09E26F001S" "2008-10-28" 235.37 32.7488 -116.0122
200 200 "16S09E26F001S" "2009-03-30" 235.3 32.7488 -116.0122
201 201 "16S09E26F001S" "2009-10-15" 235.26 32.7488 -116.0122
202 202 "16S09E26F001S" "2010-03-24" 235.23 32.7488 -116.0122
203 203 "16S09E26F001S" "2010-10-27" 235.15 32.7488 -116.0122
204 204 "16S09E34B001S" "2000-03-28" 258.45 32.7402 -116.0247
205 205 "16S09E34B001S" "2005-10-25" 256.57 32.7402 -116.0247
206 206 "16S10E29H001S" "2000-03-28" 225.27 32.7496 -115.9525
207 207 "16S10E29H001S" "2005-03-23" 225.3 32.7496 -115.9525
208 208 "16S10E29H001S" "2005-10-25" 225.16 32.7496 -115.9525
209 209 "16S10E29H001S" "2006-03-22" 225.25 32.7496 -115.9525
210 210 "16S10E29H001S" "2006-10-24" 225.32 32.7496 -115.9525
211 211 "16S10E29H001S" "2007-03-26" 225.1 32.7496 -115.9525
212 212 "16S10E29H001S" "2007-10-30" 225.08 32.7496 -115.9525
213 213 "16S10E29H001S" "2008-03-27" 225.11 32.7496 -115.9525
214 214 "16S10E29H001S" "2008-10-28" 225.08 32.7496 -115.9525
215 215 "16S10E29H001S" "2009-03-30" 225.07 32.7496 -115.9525
216 216 "16S10E29H001S" "2009-10-15" 225.44 32.7496 -115.9525
217 217 "16S10E29H001S" "2010-03-24" 225.42 32.7496 -115.9525
218 218 "16S10E29H001S" "2010-10-27" 225.07 32.7496 -115.9525
219 219 "16S09E24B001S" "2000-03-27" 278.07 32.7691 -115.9947
220 220 "16S09E24B001S" "2005-03-29" 278.47 32.7691 -115.9947
221 221 "16S09E24B001S" "2005-10-25" 278.36 32.7691 -115.9947
222 222 "16S09E24B001S" "2006-03-22" 278.38 32.7691 -115.9947
223 223 "16S09E24B001S" "2006-10-24" 278.31 32.7691 -115.9947
224 224 "16S09E24B001S" "2007-03-26" 278.25 32.7691 -115.9947
225 225 "16S09E24B001S" "2007-10-30" 278.11 32.7691 -115.9947
226 226 "16S09E24B001S" "2008-03-20" 278.01 32.7691 -115.9947
227 227 "16S09E24B001S" "2008-10-28" 277.97 32.7691 -115.9947
228 228 "16S09E24B001S" "2009-03-23" 277.88 32.7691 -115.9947
229 229 "16S09E24B001S" "2009-10-15" 277.91 32.7691 -115.9947
230 230 "16S09E24B001S" "2010-03-29" 277.81 32.7691 -115.9947
231 231 "16S09E24B001S" "2010-10-27" 277.72 32.7691 -115.9947
232 232 "16S09E34B001S" "2006-03-30" 256.54 32.7402 -116.0247
233 233 "16S09E34B001S" "2006-10-24" 256.83 32.7402 -116.0247
234 234 "16S09E34B001S" "2007-03-26" 256.7 32.7402 -116.0247
235 235 "16S09E34B001S" "2007-10-30" 256.06 32.7402 -116.0247
236 236 "16S09E34B001S" "2008-03-20" 256.01 32.7402 -116.0247
237 237 "16S09E34B001S" "2008-10-28" 255.83 32.7402 -116.0247
238 238 "16S09E34B001S" "2009-03-23" 255.87 32.7402 -116.0247
239 239 "16S09E34B001S" "2009-10-15" 255.68 32.7402 -116.0247
240 240 "16S09E34B001S" "2010-06-01" 255.66 32.7402 -116.0247
241 241 "16S11E27F001S" "2000-03-29" 2.37 32.7502 -115.8241
242 242 "16S11E27F001S" "2005-03-23" 2.7 32.7502 -115.8241
243 243 "16S11E27F001S" "2005-10-25" 2.3 32.7502 -115.8241
244 244 "16S11E27F001S" "2006-03-22" 2.24 32.7502 -115.8241
245 245 "16S11E27F001S" "2006-10-24" 2.53 32.7502 -115.8241
246 246 "16S11E27F001S" "2007-03-26" 2.42 32.7502 -115.8241
247 247 "16S11E27F001S" "2007-10-30" 2.62 32.7502 -115.8241
248 248 "16S11E27F001S" "2008-03-27" 2.45 32.7502 -115.8241
249 249 "16S11E27F001S" "2008-10-28" 2.33 32.7502 -115.8241
250 250 "16S11E27F001S" "2009-03-30" 2.36 32.7502 -115.8241
251 251 "16S11E27F001S" "2009-10-15" 2.33 32.7502 -115.8241
252 252 "16S11E27F001S" "2010-03-24" 2.26 32.7502 -115.8241
253 253 "16S11E27F001S" "2010-10-27" 1.78 32.7502 -115.8241
254 254 "16S09E36G004S" "2000-03-29" 251.85 32.7338 -115.9939
255 255 "16S10E27R001S" "2000-03-29" 203.93 32.7418 -115.9336
256 256 "16S10E27R001S" "2005-03-23" 204.08 32.7418 -115.9336
257 257 "16S10E27R001S" "2005-10-25" 204.06 32.7418 -115.9336
258 258 "16S10E27R001S" "2006-03-22" 204.03 32.7418 -115.9336
259 259 "16S10E27R001S" "2006-10-24" 204.05 32.7418 -115.9336
260 260 "16S10E27R001S" "2007-03-26" 204.08 32.7418 -115.9336
261 261 "16S10E27R001S" "2007-10-30" 204.05 32.7418 -115.9336
262 262 "16S10E27R001S" "2008-03-27" 204.06 32.7418 -115.9336
263 263 "16S10E27R001S" "2008-10-28" 204.15 32.7418 -115.9336
264 264 "16S10E27R001S" "2009-03-30" 204.23 32.7418 -115.9336
265 265 "16S10E27R001S" "2009-10-15" 204.39 32.7418 -115.9336
266 266 "16S10E27R001S" "2010-03-24" 204.11 32.7418 -115.9336
267 267 "16S10E27R001S" "2010-10-27" 204.1 32.7418 -115.9336
268 268 "16S10E32P001S" "2000-03-29" 244.97 32.7285 -115.9636
269 269 "16S10E32P001S" "2005-03-23" 244.25 32.7285 -115.9636
270 270 "16S10E32P001S" "2005-10-25" 243.74 32.7285 -115.9636
271 271 "16S10E32P001S" "2006-03-22" 243.9 32.7285 -115.9636
272 272 "16S10E32P001S" "2006-10-24" 243.59 32.7285 -115.9636
273 273 "16S10E32P001S" "2007-03-26" 243.7 32.7285 -115.9636
274 274 "16S10E32P001S" "2007-10-30" 243.42 32.7285 -115.9636
275 275 "16S10E32P001S" "2008-03-20" 243.65 32.7285 -115.9636
276 276 "16S10E32P001S" "2008-10-28" 243.17 32.7285 -115.9636
277 277 "16S10E32P001S" "2009-03-30" 243.53 32.7285 -115.9636
278 278 "16S10E32P001S" "2009-10-15" 243.16 32.7285 -115.9636
279 279 "16S10E32P001S" "2010-03-24" 243.45 32.7285 -115.9636
280 280 "16S10E32P001S" "2010-10-27" 242.91 32.7285 -115.9636
281 281 "16S10E28D001S" "2000-03-28" 223.93 32.7529 -115.9505
282 282 "16S10E28D001S" "2005-03-23" 223.14 32.7529 -115.9505
283 283 "16S10E28D001S" "2005-10-25" 223.04 32.7529 -115.9505
284 284 "16S10E28D001S" "2006-03-22" 222.95 32.7529 -115.9505
285 285 "16S10E28D001S" "2006-10-24" 222.8 32.7529 -115.9505
286 286 "16S10E28D001S" "2007-03-26" 222.85 32.7529 -115.9505
287 287 "16S10E28D001S" "2007-10-30" 222.7 32.7529 -115.9505
288 288 "16S10E28D001S" "2008-03-27" 222.69 32.7529 -115.9505
289 289 "16S10E28D001S" "2008-10-28" 222.66 32.7529 -115.9505
290 290 "16S10E28D001S" "2009-03-30" 222.68 32.7529 -115.9505
291 291 "16S10E28D001S" "2009-10-15" 222.96 32.7529 -115.9505
292 292 "16S10E28D001S" "2010-03-24" 222.3 32.7529 -115.9505
293 293 "16S10E28D001S" "2010-10-27" 222.13 32.7529 -115.9505
294 294 "16S09E36H001S" "2005-03-24" 247.61 32.7354 -115.9875
295 295 "16S09E36H001S" "2005-10-25" 253.53 32.7354 -115.9875
296 296 "16S09E36H001S" "2006-03-23" 253.39 32.7354 -115.9875
297 297 "16S09E36H001S" "2006-10-24" 253.73 32.7354 -115.9875
298 298 "16S09E36H001S" "2007-03-28" 254.42 32.7354 -115.9875
299 299 "16S09E36H001S" "2007-10-30" 252.95 32.7354 -115.9875
300 300 "16S09E36H001S" "2008-03-20" 255.16 32.7354 -115.9875
301 301 "16S09E36H001S" "2008-10-28" 255.78 32.7354 -115.9875
302 302 "16S09E36H001S" "2009-03-24" 257.31 32.7354 -115.9875
303 303 "16S09E36H001S" "2009-10-15" 259.14 32.7354 -115.9875
304 304 "16S09E36H001S" "2010-03-30" 260.3 32.7354 -115.9875
305 305 "16S09E36H001S" "2010-10-27" 260.4 32.7354 -115.9875
306 306 "330924N1169465W001" "2012-11-01" 398.85 33.09239 -116.9465
307 307 "330924N1169465W001" "2013-04-24" 392 33.09239 -116.9465
308 308 "330924N1169465W001" "2013-11-26" 377.6 33.09239 -116.9465
309 309 "330924N1169465W001" "2014-03-24" 373.57 33.09239 -116.9465
310 310 "330924N1169465W001" "2014-10-14" 359.69 33.09239 -116.9465
311 311 "12S01W30J003S" "2013-03-13" 349.16 33.09787 -117.0172
312 312 "12S01W30J003S" "2013-11-01" 355.43 33.09787 -117.0172
313 313 "12S01W30J003S" "2014-03-17" 357.38 33.09787 -117.0172
314 314 "12S01W30J003S" "2014-10-15" 352.56 33.09787 -117.0172
315 315 "11S06E16N001S" "2008-12-02" 395.67 33.2166 -116.3625
316 316 "327893N1169478W001" "2012-05-24" 441.35 32.7892 -116.9487
317 317 "327893N1169478W001" "2013-01-16" 438.917 32.7892 -116.9487
318 318 "327893N1169478W001" "2013-06-05" 439.42 32.7892 -116.9487
319 319 "327893N1169478W001" "2013-11-14" 452.044 32.7892 -116.9487
320 320 "327893N1169478W001" "2014-06-04" 452.793 32.7892 -116.9487
321 321 "327893N1169478W001" "2014-10-17" 452.68 32.7892 -116.9487
322 322 "16S01W11R004S" "2008-08-05" 431.97 32.7893 -116.9487
323 323 "12S09E23D001S" "2005-03-24" -226.08 33.117 -116.0114
324 324 "12S09E23D001S" "2005-10-26" -224.83 33.117 -116.0114
325 325 "12S09E23D001S" "2006-03-23" -225.63 33.117 -116.0114
326 326 "12S09E23D001S" "2006-10-25" -223.76 33.117 -116.0114
327 327 "12S09E23D001S" "2007-02-14" -223.63 33.117 -116.0114
328 328 "12S09E23D001S" "2007-10-12" -223.75 33.117 -116.0114
329 329 "12S09E23D001S" "2008-03-27" -223.44 33.117 -116.0114
330 330 "12S09E23D001S" "2008-10-29" -224.28 33.117 -116.0114
331 331 "12S09E23D001S" "2009-03-31" -223.02 33.117 -116.0114
332 332 "12S09E23D001S" "2009-10-16" -222.61 33.117 -116.0114
333 333 "12S09E23D001S" "2010-03-25" -220.92 33.117 -116.0114
334 334 "12S09E23D001S" "2010-10-28" -218.04 33.117 -116.0114
335 335 "12S16E09A001S" "2000-03-30" 77.56 33.145 -115.298
336 336 "15S14E18C001S" "2000-03-29" -70.59 32.854 -115.5661
337 337 "15S14E18C001S" "2005-03-23" -71.4 32.854 -115.5661
338 338 "15S14E18C001S" "2005-10-25" -70.97 32.854 -115.5661
339 339 "15S14E18C001S" "2006-03-22" -71.31 32.854 -115.5661
340 340 "15S14E18C001S" "2006-10-24" -71.04 32.854 -115.5661
341 341 "15S14E18C001S" "2007-03-27" -71.21 32.854 -115.5661
342 342 "15S14E18C001S" "2007-10-31" -70.92 32.854 -115.5661
343 343 "15S14E18C001S" "2008-03-27" -71.2 32.854 -115.5661
344 344 "15S14E18C001S" "2008-10-28" -71.38 32.854 -115.5661
345 345 "15S14E18C001S" "2009-03-30" -71.51 32.854 -115.5661
346 346 "15S14E18C001S" "2009-10-15" -71.71 32.854 -115.5661
347 347 "15S14E18C001S" "2010-03-24" -71.77 32.854 -115.5661
348 348 "15S14E18C001S" "2010-10-27" -71.66 32.854 -115.5661
349 349 "328556N1169394W001" "2011-09-02" 357.44 32.85561 -116.93943
350 350 "328556N1169394W001" "2012-04-27" 358.72 32.85561 -116.93943
351 351 "328556N1169394W001" "2012-10-09" 358.01 32.85561 -116.93943
352 352 "328556N1169394W001" "2013-04-24" 357.12 32.85561 -116.93943
353 353 "328556N1169394W001" "2013-12-31" 356.17 32.85561 -116.93943
354 354 "328556N1169394W001" "2014-05-29" 355.68 32.85561 -116.93943
355 355 "328556N1169394W001" "2014-10-15" 354.5 32.85561 -116.93943
356 356 "11S15E23M001S" "2000-03-30" 75.49 33.1956 -115.3891
357 357 "11S15E23M001S" "2005-03-24" 74.44 33.1956 -115.3891
358 358 "11S15E23M001S" "2005-10-26" 73.67 33.1956 -115.3891
359 359 "11S15E23M001S" "2006-03-23" 74.03 33.1956 -115.3891
360 360 "11S15E23M001S" "2006-10-25" 73.98 33.1956 -115.3891
361 361 "11S15E23M001S" "2007-03-27" 73.93 33.1956 -115.3891
362 362 "11S15E23M001S" "2007-10-31" 73.76 33.1956 -115.3891
363 363 "11S15E23M001S" "2008-03-27" 73.89 33.1956 -115.3891
364 364 "11S15E23M001S" "2008-10-29" 73.82 33.1956 -115.3891
365 365 "11S15E23M001S" "2009-03-31" 73.56 33.1956 -115.3891
366 366 "11S15E23M001S" "2009-10-16" 73.47 33.1956 -115.3891
367 367 "11S15E23M001S" "2010-03-25" 73.49 33.1956 -115.3891
368 368 "11S15E23M001S" "2010-10-28" 73.21 33.1956 -115.3891
369 369 "11S06E25C001S" "2008-12-01" 412.86 33.1956 -116.3042
370 370 "11S06E25A001S" "2012-04-17" 474.72 33.19812 -116.29585
371 371 "11S06E25A001S" "2012-11-14" 474.95 33.19812 -116.29585
372 372 "11S06E25A001S" "2013-04-09" 475.74 33.19812 -116.29585
373 373 "11S06E25A001S" "2013-11-25" 475.28 33.19812 -116.29585
374 374 "11S06E25A001S" "2014-04-09" 474.3 33.19812 -116.29585
375 375 "11S06E25A001S" "2014-11-20" 471.52 33.19812 -116.29585
376 376 "11S03E06D001S" "2009-01-15" 2703.42 33.23668 -116.71652
377 377 "11S03E06D001S" "2009-02-17" 2703.13 33.23668 -116.71652
378 378 "11S03E06D001S" "2009-03-16" 2703.15 33.23668 -116.71652
379 379 "11S03E06D001S" "2009-04-15" 2703.27 33.23668 -116.71652
380 380 "11S03E06D001S" "2009-05-15" 2703.28 33.23668 -116.71652
381 381 "11S03E06D001S" "2009-06-15" 2701 33.23668 -116.71652
382 382 "11S03E06D001S" "2009-07-15" 2703.17 33.23668 -116.71652
383 383 "11S03E06D001S" "2009-08-17" 2702.83 33.23668 -116.71652
384 384 "11S03E06D001S" "2009-09-15" 2702.22 33.23668 -116.71652
385 385 "11S03E06D001S" "2009-10-15" 2701.92 33.23668 -116.71652
386 386 "11S03E06D001S" "2009-11-16" 2702 33.23668 -116.71652
387 387 "11S03E06D001S" "2009-12-15" 2702.05 33.23668 -116.71652
388 388 "11S03E06D001S" "2010-01-15" 2701.98 33.23668 -116.71652
389 389 "11S03E06D001S" "2010-02-15" 2703.22 33.23668 -116.71652
390 390 "11S03E06D001S" "2010-03-15" 2703.95 33.23668 -116.71652
391 391 "11S03E06D001S" "2010-04-15" 2703.95 33.23668 -116.71652
392 392 "11S03E06D001S" "2010-05-17" 2703.73 33.23668 -116.71652
393 393 "11S03E06D001S" "2010-06-15" 2703.52 33.23668 -116.71652
394 394 "11S03E06D001S" "2010-07-15" 2703.36 33.23668 -116.71652
395 395 "11S03E06D001S" "2010-08-16" 2702.91 33.23668 -116.71652
396 396 "11S03E06D001S" "2010-09-15" 2702.56 33.23668 -116.71652
397 397 "11S03E06D001S" "2010-10-15" 2702.32 33.23668 -116.71652
398 398 "11S03E06D001S" "2010-11-15" 2702.43 33.23668 -116.71652
399 399 "11S03E06D001S" "2010-12-15" 2702.54 33.23668 -116.71652
400 400 "11S03E06D001S" "2011-01-18" 2703 33.23668 -116.71652
401 401 "11S03E06D001S" "2011-02-15" 2703.5 33.23668 -116.71652
402 402 "11S03E06D001S" "2011-03-15" 2704.9 33.23668 -116.71652
403 403 "11S03E06D001S" "2011-04-15" 2705.93 33.23668 -116.71652
404 404 "11S03E06D001S" "2011-05-16" 2706.4 33.23668 -116.71652
405 405 "11S03E06D001S" "2011-06-15" 2706.63 33.23668 -116.71652
406 406 "11S03E06D001S" "2011-07-15" 2706.58 33.23668 -116.71652
407 407 "11S03E06D001S" "2011-08-15" 2706.48 33.23668 -116.71652
408 408 "11S03E06D001S" "2011-09-15" 2706.37 33.23668 -116.71652
409 409 "11S03E06D001S" "2011-10-14" 2706.28 33.23668 -116.71652
410 410 "11S03E06D001S" "2011-11-15" 2706.37 33.23668 -116.71652
411 411 "11S03E06D001S" "2011-12-15" 2706.5 33.23668 -116.71652
412 412 "11S03E06D001S" "2012-01-16" 2706.57 33.23668 -116.71652
413 413 "11S03E06D001S" "2012-02-15" 2706.59 33.23668 -116.71652
414 414 "11S03E06D001S" "2012-03-15" 2706.69 33.23668 -116.71652
415 415 "11S03E06D001S" "2012-04-16" 2703.59 33.23668 -116.71652
416 416 "11S03E06D001S" "2012-05-15" 2705.85 33.23668 -116.71652
417 417 "11S03E06D001S" "2012-06-15" 2705.5 33.23668 -116.71652
418 418 "11S03E06D001S" "2012-07-16" 2704.95 33.23668 -116.71652
419 419 "11S03E06D001S" "2012-08-15" 2704.82 33.23668 -116.71652
420 420 "11S03E06D001S" "2012-09-17" 2704.33 33.23668 -116.71652
421 421 "11S03E06D001S" "2012-10-15" 2703.9 33.23668 -116.71652
422 422 "11S03E06D001S" "2012-11-15" 2703.79 33.23668 -116.71652
423 423 "11S03E06D001S" "2012-12-17" 2703.47 33.23668 -116.71652
424 424 "328749N1168843W001" "2012-04-27" 414.61 32.8749 -116.8843
425 425 "328749N1168843W001" "2012-10-09" 414.81 32.8749 -116.8843
426 426 "328749N1168843W001" "2013-04-24" 413.62 32.8749 -116.8843
427 427 "328749N1168843W001" "2014-06-06" 410.98 32.8749 -116.8843
428 428 "328749N1168843W001" "2014-10-17" 409.74 32.8749 -116.8843
429 429 "328783N1169242W001" "2011-12-28" 430.14 32.8783 -116.92421
430 430 "11S06E23J002S" "2012-04-17" 471.95 33.20316 -116.31434
431 431 "11S06E23J002S" "2012-12-21" 472.59 33.20316 -116.31434
432 432 "11S06E23J002S" "2013-04-09" 471.29 33.20316 -116.31434
433 433 "11S06E23J002S" "2013-11-25" 473.28 33.20316 -116.31434
434 434 "11S06E23J002S" "2014-04-09" 474.02 33.20316 -116.31434
435 435 "11S06E23J002S" "2014-12-09" 474.19 33.20316 -116.31434
436 436 "11S06E07Q002S" "2012-04-17" 399.37 33.2316 -116.38873
437 437 "11S06E07Q002S" "2012-11-14" 401.02 33.2316 -116.38873
438 438 "11S06E07Q002S" "2013-04-09" 398.75 33.2316 -116.38873
439 439 "11S06E07Q002S" "2013-11-25" 398.47 33.2316 -116.38873
440 440 "11S06E07Q002S" "2014-06-03" 398.76 33.2316 -116.38873
441 441 "11S06E07Q002S" "2014-12-09" 397.4 33.2316 -116.38873
442 442 "11S06E22B001S" "2012-04-17" 454.72 33.21159 -116.33403
443 443 "11S06E22B001S" "2012-12-21" 455.19 33.21159 -116.33403
444 444 "11S06E22B001S" "2013-05-03" 455.36 33.21159 -116.33403
445 445 "11S06E22B001S" "2013-11-25" 455.5 33.21159 -116.33403
446 446 "11S06E22B001S" "2014-06-03" 455.72 33.21159 -116.33403
447 447 "11S06E22B001S" "2014-12-09" 455.57 33.21159 -116.33403
448 448 "11S03E06D001S" "2013-01-15" 2703.18 33.23668 -116.71652
449 449 "11S03E06D001S" "2013-02-15" 2703.17 33.23668 -116.71652
450 450 "11S03E06D001S" "2013-03-15" 2703.19 33.23668 -116.71652
451 451 "11S03E06D001S" "2013-04-15" 2703.29 33.23668 -116.71652
452 452 "11S03E06D001S" "2013-05-15" 2702.98 33.23668 -116.71652
453 453 "11S03E06D001S" "2013-06-16" 2702.53 33.23668 -116.71652
454 454 "11S03E06D001S" "2013-07-15" 2702.47 33.23668 -116.71652
455 455 "11S03E06D001S" "2013-08-15" 2704.35 33.23668 -116.71652
456 456 "11S03E06D001S" "2013-09-16" 2702.69 33.23668 -116.71652
457 457 "11S03E06D001S" "2013-10-15" 2702.36 33.23668 -116.71652
458 458 "11S03E06D001S" "2013-11-15" 2702.23 33.23668 -116.71652
459 459 "11S03E06D001S" "2013-12-16" 2702 33.23668 -116.71652
460 460 "11S03E06D001S" "2014-01-15" 2701.89 33.23668 -116.71652
461 461 "11S03E06D001S" "2014-02-18" 2701.58 33.23668 -116.71652
462 462 "11S03E06D001S" "2014-03-14" 2701.55 33.23668 -116.71652
463 463 "11S03E06D001S" "2014-04-15" 2701.47 33.23668 -116.71652
464 464 "11S03E06D001S" "2014-05-15" 2701.72 33.23668 -116.71652
465 465 "11S03E06D001S" "2014-06-16" 2701.24 33.23668 -116.71652
466 466 "11S03E06D001S" "2014-07-15" 2700.82 33.23668 -116.71652
467 467 "11S03E06D001S" "2014-08-15" 2701.18 33.23668 -116.71652
468 468 "11S03E06D001S" "2014-09-15" 2700.72 33.23668 -116.71652
469 469 "11S03E06D001S" "2014-10-15" 2700.7 33.23668 -116.71652
470 470 "11S03E06D001S" "2014-11-17" 2700.75 33.23668 -116.71652
471 471 "329102N1169242W001" "2011-09-02" 428.47 32.91019 -116.92421
472 472 "329102N1169242W001" "2012-04-27" 428.48 32.91019 -116.92421
473 473 "329102N1169242W001" "2012-10-09" 429.51 32.91019 -116.92421
474 474 "329102N1169242W001" "2013-04-24" 424.83 32.91019 -116.92421
475 475 "329102N1169242W001" "2013-12-30" 428.72 32.91019 -116.92421
476 476 "329102N1169242W001" "2014-05-29" 428.93 32.91019 -116.92421
477 477 "329102N1169242W001" "2014-10-15" 429.4 32.91019 -116.92421
478 478 "329593N1169256W001" "2011-09-02" 371.76 32.95934 -116.9256
479 479 "329593N1169256W001" "2012-04-27" 372.09 32.95934 -116.9256
480 480 "329593N1169256W001" "2012-10-09" 370.71 32.95934 -116.9256
481 481 "329593N1169256W001" "2013-04-24" 369.56 32.95934 -116.9256
482 482 "329593N1169256W001" "2013-12-31" 366.78 32.95934 -116.9256
483 483 "329593N1169256W001" "2014-05-29" 367.76 32.95934 -116.9256
484 484 "329593N1169256W001" "2014-10-15" 364.73 32.95934 -116.9256
485 485 "16S23E09N001S" "2000-03-29" 129.47 32.778 -114.5614
486 486 "327781N1171209W006" "2011-12-22" 39.49 32.77811 -117.12086
487 487 "327781N1171209W006" "2012-05-31" 39.55 32.77811 -117.12086
488 488 "327781N1171209W006" "2012-12-31" 40.19 32.77811 -117.12086
489 489 "327781N1171209W006" "2013-04-24" 40.3 32.77811 -117.12086
490 490 "327781N1171209W006" "2013-11-01" 39.82 32.77811 -117.12086
491 491 "327781N1171209W006" "2014-03-17" 41.001 32.77811 -117.12086
492 492 "327781N1171209W006" "2014-10-15" 40.26 32.77811 -117.12086
493 493 "13S18E33A001S" "2000-03-30" 112.03 32.9985 -115.0757
494 494 "13S18E33A001S" "2005-03-24" 114.93 32.9985 -115.0757
495 495 "330494N1170425W001" "2011-12-21" 320.903 33.0494 -117.0425
496 496 "330494N1170425W001" "2012-06-27" 322.11 33.0494 -117.0425
497 497 "330494N1170425W001" "2013-01-18" 317.22 33.0494 -117.0425
498 498 "330494N1170425W001" "2013-06-05" 317.65 33.0494 -117.0425
499 499 "330494N1170425W001" "2013-11-07" 314.674 33.0494 -117.0425
500 500 "330494N1170425W001" "2014-03-24" 313.88 33.0494 -117.0425
501 501 "330494N1170425W001" "2014-10-14" 311.47 33.0494 -117.0425
502 502 "13S02W12M003S" "2013-04-24" 311.16 33.0557 -117.0464
503 503 "13S02W12M003S" "2013-11-01" 308.09 33.0557 -117.0464
504 504 "13S02W12M003S" "2014-03-17" 311.5 33.0557 -117.0464
505 505 "13S02W12M003S" "2014-10-15" 307.67 33.0557 -117.0464
506 506 "330848N1170146W001" "2012-11-01" 432.32 33.08482 -117.01464
507 507 "330848N1170146W001" "2013-04-24" 432.02 33.08482 -117.01464
508 508 "330848N1170146W001" "2013-11-26" 336.99 33.08482 -117.01464
509 509 "330848N1170146W001" "2014-03-24" 336.06 33.08482 -117.01464
510 510 "330848N1170146W001" "2014-10-14" 325.19 33.08482 -117.01464
511 511 "12S01W34L004S" "2011-12-22" 381.66 33.08736 -116.97481
512 512 "12S01W34L004S" "2012-06-19" 378.38 33.08736 -116.97481
513 513 "12S01W34L004S" "2012-12-31" 372.29 33.08736 -116.97481
514 514 "12S01W34L004S" "2013-04-24" 370.04 33.08736 -116.97481
515 515 "12S01W34L004S" "2013-11-01" 360.74 33.08736 -116.97481
516 516 "12S01W34L004S" "2014-03-17" 358.38 33.08736 -116.97481
517 517 "12S01W34L004S" "2014-10-15" 346.01 33.08736 -116.97481
518 518 "11S05W02B001S" "2012-04-01" 17.26 33.2553 -117.3718
519 519 "10S06E33Q001S" "2012-04-17" 392.13 33.25743 -116.35589
520 520 "10S06E33Q001S" "2012-12-21" 392.71 33.25743 -116.35589
521 521 "10S06E33Q001S" "2013-04-09" 391.21 33.25743 -116.35589
522 522 "10S06E33Q001S" "2013-11-13" 390.11 33.25743 -116.35589
523 523 "10S06E33Q001S" "2014-06-25" 389.76 33.25743 -116.35589
524 524 "10S06E33Q001S" "2014-12-09" 390.9 33.25743 -116.35589
525 525 "10S06E32R001S" "2012-05-03" 399.88 33.25748 -116.37103
526 526 "10S06E32R001S" "2012-11-14" 399.07 33.25748 -116.37103
527 527 "10S06E32R001S" "2013-04-09" 399.14 33.25748 -116.37103
528 528 "10S06E32R001S" "2013-11-13" 397.78 33.25748 -116.37103
529 529 "10S06E32R001S" "2014-06-03" 397.13 33.25748 -116.37103
530 530 "10S06E32R001S" "2014-12-09" 396.79 33.25748 -116.37103
531 531 "10S06E35Q001S" "2012-04-11" 421.48 33.25756 -116.3131
532 532 "10S06E35Q001S" "2012-11-14" 420.69 33.25756 -116.3131
533 533 "10S06E35Q001S" "2013-04-09" 420.09 33.25756 -116.3131
534 534 "10S06E35Q001S" "2013-11-13" 419.12 33.25756 -116.3131
535 535 "10S06E35Q001S" "2014-04-10" 418.62 33.25756 -116.3131
536 536 "10S06E35Q001S" "2014-12-09" 417.47 33.25756 -116.3131
537 537 "11S06E04F001S" "2008-12-02" 420.68 33.2496 -116.3571
538 538 "11S03E03G001S" "2009-01-15" 2969.99 33.24859 -116.65576
539 539 "11S03E03G001S" "2009-02-17" 2968.78 33.24859 -116.65576
540 540 "11S03E03G001S" "2009-03-16" 2968.36 33.24859 -116.65576
541 541 "11S03E03G001S" "2009-04-15" 2967.38 33.24859 -116.65576
542 542 "11S03E03G001S" "2009-05-15" 2966.78 33.24859 -116.65576
543 543 "11S03E03G001S" "2009-06-15" 2966.07 33.24859 -116.65576
544 544 "11S03E03G001S" "2009-07-15" 2966.82 33.24859 -116.65576
545 545 "11S03E03G001S" "2009-08-17" 2965.76 33.24859 -116.65576
546 546 "11S03E03G001S" "2009-09-15" 2969.32 33.24859 -116.65576
547 547 "11S03E03G001S" "2009-10-15" 2975 33.24859 -116.65576
548 548 "11S03E03G001S" "2009-11-16" 2969.93 33.24859 -116.65576
549 549 "11S03E03G001S" "2009-12-15" 2970.56 33.24859 -116.65576
550 550 "11S03E03G001S" "2010-01-15" 2969.8 33.24859 -116.65576
551 551 "11S03E03G001S" "2010-02-15" 2982.94 33.24859 -116.65576
552 552 "11S03E03G001S" "2010-03-15" 2985.91 33.24859 -116.65576
553 553 "11S03E03G001S" "2010-04-15" 2980.79 33.24859 -116.65576
554 554 "11S03E03G001S" "2010-05-17" 2984.14 33.24859 -116.65576
555 555 "11S03E03G001S" "2010-06-15" 2983.16 33.24859 -116.65576
556 556 "11S03E03G001S" "2010-07-15" 2981 33.24859 -116.65576
557 557 "11S03E03G001S" "2010-08-16" 2977.48 33.24859 -116.65576
558 558 "11S03E03G001S" "2010-09-15" 2977.75 33.24859 -116.65576
559 559 "11S03E03G001S" "2010-10-15" 2977.6 33.24859 -116.65576
560 560 "11S03E03G001S" "2010-11-15" 2976.05 33.24859 -116.65576
561 561 "11S03E03G001S" "2010-12-15" 2980.04 33.24859 -116.65576
562 562 "11S03E03G001S" "2011-01-18" 2985.59 33.24859 -116.65576
563 563 "11S03E03G001S" "2011-02-15" 2982.96 33.24859 -116.65576
564 564 "11S03E03G001S" "2011-03-15" 2986.35 33.24859 -116.65576
565 565 "11S03E03G001S" "2012-11-15" 2987.38 33.24859 -116.65576
566 566 "11S03E03G001S" "2012-12-17" 2987.38 33.24859 -116.65576
567 567 "11S03E03G001S" "2013-01-15" 2987.27 33.24859 -116.65576
568 568 "11S03E03G001S" "2013-02-15" 2980.9 33.24859 -116.65576
569 569 "11S03E03G001S" "2013-03-15" 2978.45 33.24859 -116.65576
570 570 "11S03E03G001S" "2013-04-15" 2978.69 33.24859 -116.65576
571 571 "11S03E03G001S" "2013-05-15" 2978.57 33.24859 -116.65576
572 572 "11S03E03G001S" "2013-06-16" 2977.59 33.24859 -116.65576
573 573 "11S03E03G001S" "2013-07-15" 2979.19 33.24859 -116.65576
574 574 "11S03E03G001S" "2013-08-15" 2977.26 33.24859 -116.65576
575 575 "11S03E03G001S" "2013-09-16" 2978.73 33.24859 -116.65576
576 576 "11S03E03G001S" "2013-10-15" 2982.3 33.24859 -116.65576
577 577 "11S03E03G001S" "2013-11-15" 2978.64 33.24859 -116.65576
578 578 "11S03E03G001S" "2013-12-16" 2979.41 33.24859 -116.65576
579 579 "11S03E03G001S" "2014-01-15" 2977.96 33.24859 -116.65576
580 580 "11S03E03G001S" "2014-02-18" 2976.68 33.24859 -116.65576
581 581 "11S03E03G001S" "2014-03-14" 2975.85 33.24859 -116.65576
582 582 "11S03E03G001S" "2014-04-15" 2975.28 33.24859 -116.65576
583 583 "11S03E03G001S" "2014-05-15" 2975.8 33.24859 -116.65576
584 584 "11S03E03G001S" "2014-06-16" 2975.83 33.24859 -116.65576
585 585 "11S03E03G001S" "2014-07-15" 2976.35 33.24859 -116.65576
586 586 "11S03E03G001S" "2014-08-15" 2979.16 33.24859 -116.65576
587 587 "11S03E03G001S" "2014-09-15" 2976.49 33.24859 -116.65576
588 588 "11S03E03G001S" "2014-10-15" 2975.85 33.24859 -116.65576
589 589 "11S03E03G001S" "2014-11-17" 2975.18 33.24859 -116.65576
590 590 "10S03E28M001S" "2009-01-15" 2800.32 33.27417 -116.68459
591 591 "10S03E28M001S" "2009-02-17" 2800.06 33.27417 -116.68459
592 592 "10S03E28M001S" "2009-03-16" 2799.76 33.27417 -116.68459
593 593 "10S03E28M001S" "2009-04-15" 2799.28 33.27417 -116.68459
594 594 "10S03E28M001S" "2009-05-15" 2798.22 33.27417 -116.68459
595 595 "10S03E28M001S" "2009-06-15" 2799 33.27417 -116.68459
596 596 "10S03E28M001S" "2009-07-15" 2798.93 33.27417 -116.68459
597 597 "10S03E28M001S" "2009-08-17" 2798.25 33.27417 -116.68459
598 598 "10S03E28M001S" "2009-09-15" 2798.02 33.27417 -116.68459
599 599 "10S03E28M001S" "2009-10-15" 2797.63 33.27417 -116.68459
600 600 "10S03E28M001S" "2009-11-16" 2796.45 33.27417 -116.68459
601 601 "10S03E28M001S" "2009-12-15" 2797.08 33.27417 -116.68459
602 602 "10S03E28M001S" "2010-01-15" 2796.84 33.27417 -116.68459
603 603 "10S03E28M001S" "2010-02-15" 2796.77 33.27417 -116.68459
604 604 "10S03E28M001S" "2010-03-15" 2796.91 33.27417 -116.68459
605 605 "10S03E28M001S" "2010-04-15" 2797.38 33.27417 -116.68459
606 606 "10S03E28M001S" "2010-05-17" 2797.7 33.27417 -116.68459
607 607 "10S03E28M001S" "2010-06-15" 2797.93 33.27417 -116.68459
608 608 "10S03E28M001S" "2010-07-15" 2798.05 33.27417 -116.68459
609 609 "10S03E28M001S" "2010-08-16" 2798.19 33.27417 -116.68459
610 610 "10S03E28M001S" "2010-09-15" 2798.18 33.27417 -116.68459
611 611 "10S03E28M001S" "2010-10-15" 2798.14 33.27417 -116.68459
612 612 "10S03E28M001S" "2010-11-15" 2798.03 33.27417 -116.68459
613 613 "10S03E28M001S" "2010-12-15" 2797.99 33.27417 -116.68459
614 614 "10S03E28M001S" "2011-01-18" 2798.51 33.27417 -116.68459
615 615 "10S03E28M001S" "2011-02-15" 2798.56 33.27417 -116.68459
616 616 "10S03E28M001S" "2011-03-15" 2799.42 33.27417 -116.68459
617 617 "10S03E28M001S" "2011-04-15" 2800.3 33.27417 -116.68459
618 618 "10S03E28M001S" "2011-05-16" 2801.2 33.27417 -116.68459
619 619 "10S03E28M001S" "2011-06-15" 2801.94 33.27417 -116.68459
620 620 "10S03E28M001S" "2011-07-15" 2801.94 33.27417 -116.68459
621 621 "10S03E28M001S" "2011-08-15" 2802.92 33.27417 -116.68459
622 622 "10S03E28M001S" "2011-09-15" 2803.32 33.27417 -116.68459
623 623 "10S03E28M001S" "2011-10-14" 2803.54 33.27417 -116.68459
624 624 "10S03E28M001S" "2011-11-15" 2803.75 33.27417 -116.68459
625 625 "10S03E28M001S" "2011-12-15" 2803.84 33.27417 -116.68459
626 626 "10S03E28M001S" "2012-01-16" 2804.01 33.27417 -116.68459
627 627 "10S03E28M001S" "2012-02-15" 2804.15 33.27417 -116.68459
628 628 "10S03E28M001S" "2012-03-15" 2804.02 33.27417 -116.68459
629 629 "10S03E28M001S" "2012-04-16" 2803.89 33.27417 -116.68459
630 630 "10S03E28M001S" "2012-05-15" 2803.65 33.27417 -116.68459
631 631 "10S03E28M001S" "2012-06-15" 2803.49 33.27417 -116.68459
632 632 "10S03E28M001S" "2012-07-16" 2803.04 33.27417 -116.68459
633 633 "10S03E28M001S" "2012-08-15" 2802.74 33.27417 -116.68459
634 634 "10S03E28M001S" "2012-09-17" 2802.34 33.27417 -116.68459
635 635 "10S03E28M001S" "2012-10-15" 2801.94 33.27417 -116.68459
636 636 "10S03E28M001S" "2012-11-15" 2801.17 33.27417 -116.68459
637 637 "10S03E28M001S" "2012-12-17" 2800.96 33.27417 -116.68459
638 638 "10S03E28M001S" "2013-01-15" 2800.46 33.27417 -116.68459
639 639 "10S03E28M001S" "2013-02-15" 2800.17 33.27417 -116.68459
640 640 "10S03E28M001S" "2013-03-15" 2799.76 33.27417 -116.68459
641 641 "10S03E28M001S" "2013-04-15" 2799.73 33.27417 -116.68459
642 642 "10S03E28M001S" "2013-05-15" 2799.28 33.27417 -116.68459
643 643 "10S03E28M001S" "2013-06-16" 2798.32 33.27417 -116.68459
644 644 "10S03E28M001S" "2013-07-15" 2797.95 33.27417 -116.68459
645 645 "10S03E28M001S" "2013-08-15" 2797.45 33.27417 -116.68459
646 646 "10S03E28M001S" "2013-09-16" 2797.06 33.27417 -116.68459
647 647 "10S03E28M001S" "2013-10-15" 2796.51 33.27417 -116.68459
648 648 "10S03E28M001S" "2013-11-15" 2796.12 33.27417 -116.68459
649 649 "10S03E28M001S" "2013-12-16" 2795.85 33.27417 -116.68459
650 650 "10S03E28M001S" "2014-01-15" 2795.41 33.27417 -116.68459
651 651 "10S03E28M001S" "2014-02-18" 2795.07 33.27417 -116.68459
652 652 "10S03E28M001S" "2014-03-14" 2794.78 33.27417 -116.68459
653 653 "10S03E28M001S" "2014-04-15" 2794.35 33.27417 -116.68459
654 654 "10S03E28M001S" "2014-05-15" 2793.89 33.27417 -116.68459
655 655 "10S03E28M001S" "2014-06-16" 2793.53 33.27417 -116.68459
656 656 "10S03E28M001S" "2014-07-15" 2793.13 33.27417 -116.68459
657 657 "10S03E28M001S" "2014-08-15" 2793.17 33.27417 -116.68459
658 658 "10S03E28M001S" "2014-09-15" 2792.57 33.27417 -116.68459
659 659 "10S19E25R001S" "2000-03-30" 626.78 33.2675 -114.9199
660 660 "10S19E25R001S" "2005-03-24" 627.62 33.2675 -114.9199
661 661 "10S19E25R001S" "2005-10-26" 627.7 33.2675 -114.9199
662 662 "10S19E25R001S" "2006-03-23" 627.69 33.2675 -114.9199
663 663 "10S19E25R001S" "2006-10-25" 627.79 33.2675 -114.9199
664 664 "10S19E25R001S" "2007-03-27" 627.97 33.2675 -114.9199
665 665 "10S19E25R001S" "2007-10-31" 627.81 33.2675 -114.9199
666 666 "10S19E25R001S" "2008-03-28" 627.94 33.2675 -114.9199
667 667 "10S19E25R001S" "2008-10-29" 627.88 33.2675 -114.9199
668 668 "10S19E25R001S" "2009-03-31" 627.92 33.2675 -114.9199
669 669 "10S19E25R001S" "2009-10-16" 627.83 33.2675 -114.9199
670 670 "10S19E25R001S" "2010-03-25" 628.15 33.2675 -114.9199
671 671 "10S19E25R001S" "2010-10-28" 628.15 33.2675 -114.9199
672 672 "10S03E28M001S" "2014-10-15" 2792.49 33.27417 -116.68459
673 673 "10S03E28M001S" "2014-11-17" 2792.13 33.27417 -116.68459
674 674 "10S03E19R001S" "2014-07-15" 2694.23 33.28699 -116.7032
675 675 "10S03E19R001S" "2014-08-15" 2693.99 33.28699 -116.7032
676 676 "10S03E19R001S" "2014-09-15" 2693.48 33.28699 -116.7032
677 677 "10S03E19R001S" "2014-10-15" 2693.02 33.28699 -116.7032
678 678 "10S03E19R001S" "2014-11-17" 2692.45 33.28699 -116.7032
679 679 "10S21E30C001S" "2000-03-30" 444.25 33.2831 -114.8044
680 680 "10S21E30C001S" "2005-03-24" 449.96 33.2831 -114.8044
681 681 "10S21E30C001S" "2005-10-26" 453.89 33.2831 -114.8044
682 682 "10S21E30C001S" "2006-03-23" 450.51 33.2831 -114.8044
683 683 "10S21E30C001S" "2006-10-25" 448.52 33.2831 -114.8044
684 684 "10S21E30C001S" "2007-03-27" 448.15 33.2831 -114.8044
685 685 "10S21E30C001S" "2007-10-31" 446.88 33.2831 -114.8044
686 686 "10S21E30C001S" "2008-03-28" 446.59 33.2831 -114.8044
687 687 "10S21E30C001S" "2008-10-29" 445.86 33.2831 -114.8044
688 688 "10S21E30C001S" "2009-03-31" 445.79 33.2831 -114.8044
689 689 "10S21E30C001S" "2009-10-16" 444.93 33.2831 -114.8044
690 690 "10S21E30C001S" "2010-03-25" 447.42 33.2831 -114.8044
691 691 "10S21E30C001S" "2010-10-28" 446.67 33.2831 -114.8044
692 692 "10S02E26A001S" "2009-01-15" 2686.09 33.2839 -116.7383
693 693 "10S02E26A001S" "2009-02-17" 2686.62 33.2839 -116.7383
694 694 "10S02E26A001S" "2009-03-16" 2690.44 33.2839 -116.7383
695 695 "10S02E26A001S" "2009-04-15" 2688.48 33.2839 -116.7383
696 696 "10S02E26A001S" "2009-05-15" 2689.1 33.2839 -116.7383
697 697 "10S02E26A001S" "2009-06-15" 2689.06 33.2839 -116.7383
698 698 "10S02E26A001S" "2009-07-15" 2690.6 33.2839 -116.7383
699 699 "10S02E26A001S" "2009-08-17" 2688.39 33.2839 -116.7383
700 700 "10S02E26A001S" "2009-09-15" 2688.06 33.2839 -116.7383
701 701 "10S02E26A001S" "2009-10-15" 2687.39 33.2839 -116.7383
702 702 "10S02E26A001S" "2009-11-16" 2687.36 33.2839 -116.7383
703 703 "10S02E26A001S" "2009-12-15" 2687.16 33.2839 -116.7383
704 704 "10S02E26A001S" "2010-01-15" 2687.8 33.2839 -116.7383
705 705 "10S02E26A001S" "2010-02-15" 2688.86 33.2839 -116.7383
706 706 "10S02E26A001S" "2010-03-15" 2689.8 33.2839 -116.7383
707 707 "10S02E26A001S" "2010-04-15" 2691.13 33.2839 -116.7383
708 708 "10S02E26A001S" "2010-05-17" 2691.07 33.2839 -116.7383
709 709 "10S02E26A001S" "2010-06-15" 2691.63 33.2839 -116.7383
710 710 "10S02E26A001S" "2010-07-15" 2691.61 33.2839 -116.7383
711 711 "10S02E26A001S" "2010-08-16" 2691.02 33.2839 -116.7383
712 712 "10S02E26A001S" "2010-09-15" 2690.58 33.2839 -116.7383
713 713 "10S02E26A001S" "2010-10-15" 2690.32 33.2839 -116.7383
714 714 "10S02E26A001S" "2010-11-15" 2690.04 33.2839 -116.7383
715 715 "10S02E26A001S" "2010-12-15" 2689.84 33.2839 -116.7383
716 716 "10S02E26A001S" "2011-01-18" 2690.17 33.2839 -116.7383
717 717 "10S02E26A001S" "2011-02-15" 2691.11 33.2839 -116.7383
718 718 "10S02E26A001S" "2011-03-15" 2694.73 33.2839 -116.7383
719 719 "10S02E26A001S" "2011-04-15" 2695.86 33.2839 -116.7383
720 720 "10S02E26A001S" "2011-05-16" 2697.44 33.2839 -116.7383
721 721 "10S02E26A001S" "2011-06-15" 2699.46 33.2839 -116.7383
722 722 "10S02E26A001S" "2011-07-15" 2699.46 33.2839 -116.7383
723 723 "10S02E26A001S" "2011-08-15" 2700.45 33.2839 -116.7383
724 724 "10S02E26A001S" "2011-09-15" 2700.51 33.2839 -116.7383
725 725 "10S02E26A001S" "2011-10-14" 2700.61 33.2839 -116.7383
726 726 "10S02E26A001S" "2011-11-15" 2700.75 33.2839 -116.7383
727 727 "10S02E26A001S" "2011-12-15" 2700.93 33.2839 -116.7383
728 728 "10S02E26A001S" "2012-01-16" 2698.82 33.2839 -116.7383
729 729 "10S02E26A001S" "2012-02-15" 2699.93 33.2839 -116.7383
730 730 "10S02E26A001S" "2012-03-15" 2695.92 33.2839 -116.7383
731 731 "10S02E26A001S" "2012-04-16" 2694.4 33.2839 -116.7383
732 732 "10S02E26A001S" "2012-05-15" 2693.69 33.2839 -116.7383
733 733 "10S02E26A001S" "2012-06-15" 2692.71 33.2839 -116.7383
734 734 "10S02E26A001S" "2012-07-16" 2691.77 33.2839 -116.7383
735 735 "10S02E26A001S" "2012-08-15" 2690.62 33.2839 -116.7383
736 736 "10S02E26A001S" "2012-09-17" 2689.8 33.2839 -116.7383
737 737 "10S02E26A001S" "2012-10-15" 2688.62 33.2839 -116.7383
738 738 "10S02E26A001S" "2012-11-15" 2687.66 33.2839 -116.7383
739 739 "10S02E26A001S" "2012-12-17" 2686.75 33.2839 -116.7383
740 740 "10S02E26A001S" "2013-01-15" 2686.1 33.2839 -116.7383
741 741 "10S02E26A001S" "2013-02-15" 2685.77 33.2839 -116.7383
742 742 "10S02E26A001S" "2013-03-15" 2685.09 33.2839 -116.7383
743 743 "10S02E26A001S" "2013-04-15" 2684.4 33.2839 -116.7383
744 744 "10S02E26A001S" "2013-05-15" 2683.78 33.2839 -116.7383
745 745 "10S02E26A001S" "2013-06-16" 2683.14 33.2839 -116.7383
746 746 "10S02E26A001S" "2013-07-15" 2682.74 33.2839 -116.7383
747 747 "10S02E26A001S" "2013-08-15" 2681.69 33.2839 -116.7383
748 748 "10S02E26A001S" "2013-09-16" 2681.2 33.2839 -116.7383
749 749 "10S02E26A001S" "2013-10-15" 2680.68 33.2839 -116.7383
750 750 "10S02E26A001S" "2013-11-15" 2680.17 33.2839 -116.7383
751 751 "10S02E26A001S" "2013-12-16" 2679.63 33.2839 -116.7383
752 752 "10S02E26A001S" "2014-01-15" 2679.97 33.2839 -116.7383
753 753 "10S02E26A001S" "2014-02-18" 2679.15 33.2839 -116.7383
754 754 "10S02E26A001S" "2014-03-14" 2677.35 33.2839 -116.7383
755 755 "10S02E26A001S" "2014-04-15" 2676.55 33.2839 -116.7383
756 756 "10S02E26A001S" "2014-05-15" 2675.91 33.2839 -116.7383
757 757 "10S02E26A001S" "2014-06-16" 2675.35 33.2839 -116.7383
758 758 "10S02E26A001S" "2014-07-15" 2674.82 33.2839 -116.7383
759 759 "10S02E26A001S" "2014-08-15" 2674.35 33.2839 -116.7383
760 760 "10S02E26A001S" "2014-09-15" 2673.7 33.2839 -116.7383
761 761 "10S02E26A001S" "2014-10-15" 2673.4 33.2839 -116.7383
762 762 "10S02E26A001S" "2014-11-17" 2672.73 33.2839 -116.7383
763 763 "10S04W35Z001S" "2012-04-15" 104.81 33.2594 -117.2678
764 764 "10S04W35Z001S" "2013-01-02" 100.41 33.2594 -117.2678
765 765 "10S04W35Z001S" "2013-03-08" 104.01 33.2594 -117.2678
766 766 "10S04W35Z001S" "2013-12-09" 100.21 33.2594 -117.2678
767 767 "10S04W35Z001S" "2014-05-09" 104.31 33.2594 -117.2678
768 768 "10S04W35Z001S" "2014-11-25" 100.31 33.2594 -117.2678
769 769 "10S03E19R001S" "2009-01-15" 2701.04 33.28699 -116.7032
770 770 "10S03E19R001S" "2009-02-17" 2699.7 33.28699 -116.7032
771 771 "10S03E19R001S" "2009-03-16" 2698.9 33.28699 -116.7032
772 772 "10S03E19R001S" "2009-04-15" 2697.91 33.28699 -116.7032
773 773 "10S03E19R001S" "2009-05-15" 2694.69 33.28699 -116.7032
774 774 "10S03E19R001S" "2009-06-15" 2695.91 33.28699 -116.7032
775 775 "10S03E19R001S" "2009-07-15" 2694.97 33.28699 -116.7032
776 776 "10S03E19R001S" "2009-08-17" 2694.17 33.28699 -116.7032
777 777 "10S03E19R001S" "2009-09-15" 2693.11 33.28699 -116.7032
778 778 "10S03E19R001S" "2009-10-15" 2693.04 33.28699 -116.7032
779 779 "10S03E19R001S" "2009-11-16" 2690.41 33.28699 -116.7032
780 780 "10S03E19R001S" "2009-12-15" 2690.17 33.28699 -116.7032
781 781 "10S03E19R001S" "2010-01-15" 2688.8 33.28699 -116.7032
782 782 "10S03E19R001S" "2010-02-15" 2693.02 33.28699 -116.7032
783 783 "10S03E19R001S" "2010-03-15" 2690.49 33.28699 -116.7032
784 784 "10S03E19R001S" "2010-04-15" 2689.96 33.28699 -116.7032
785 785 "10S03E19R001S" "2010-05-17" 2689.89 33.28699 -116.7032
786 786 "10S03E19R001S" "2010-06-15" 2688.97 33.28699 -116.7032
787 787 "10S03E19R001S" "2010-07-15" 2688.37 33.28699 -116.7032
788 788 "10S03E19R001S" "2010-08-16" 2687.83 33.28699 -116.7032
789 789 "10S03E19R001S" "2010-09-15" 2687.27 33.28699 -116.7032
790 790 "10S03E19R001S" "2010-10-15" 2686.83 33.28699 -116.7032
791 791 "10S03E19R001S" "2010-11-15" 2686.12 33.28699 -116.7032
792 792 "10S03E19R001S" "2010-12-15" 2685.54 33.28699 -116.7032
793 793 "10S03E19R001S" "2011-01-18" 2684.77 33.28699 -116.7032
794 794 "10S03E19R001S" "2011-02-15" 2684.53 33.28699 -116.7032
795 795 "10S03E19R001S" "2011-03-15" 2684.09 33.28699 -116.7032
796 796 "10S03E19R001S" "2011-04-15" 2688.3 33.28699 -116.7032
797 797 "10S03E19R001S" "2011-05-16" 2695.28 33.28699 -116.7032
798 798 "10S03E19R001S" "2011-06-15" 2705.11 33.28699 -116.7032
799 799 "10S03E19R001S" "2011-07-15" 2715.17 33.28699 -116.7032
800 800 "10S03E19R001S" "2011-08-15" 2722.73 33.28699 -116.7032
801 801 "10S03E19R001S" "2011-09-15" 2727.8 33.28699 -116.7032
802 802 "10S03E19R001S" "2011-10-14" 2733.72 33.28699 -116.7032
803 803 "10S03E19R001S" "2011-11-15" 2733.23 33.28699 -116.7032
804 804 "10S03E19R001S" "2011-12-15" 2734.72 33.28699 -116.7032
805 805 "10S03E19R001S" "2012-01-16" 2736.14 33.28699 -116.7032
806 806 "10S03E19R001S" "2012-02-15" 2737.33 33.28699 -116.7032
807 807 "10S03E19R001S" "2012-03-15" 2733.96 33.28699 -116.7032
808 808 "10S03E19R001S" "2012-04-16" 2727.14 33.28699 -116.7032
809 809 "10S03E19R001S" "2012-05-15" 2722.09 33.28699 -116.7032
810 810 "10S03E19R001S" "2012-06-15" 2718.48 33.28699 -116.7032
811 811 "10S03E19R001S" "2012-07-16" 2716.49 33.28699 -116.7032
812 812 "10S03E19R001S" "2012-08-15" 2713.46 33.28699 -116.7032
813 813 "10S03E19R001S" "2012-09-17" 2711.16 33.28699 -116.7032
814 814 "10S03E19R001S" "2012-10-15" 2709.68 33.28699 -116.7032
815 815 "10S03E19R001S" "2012-11-15" 2706.16 33.28699 -116.7032
816 816 "10S03E19R001S" "2012-12-17" 2703.48 33.28699 -116.7032
817 817 "10S03E19R001S" "2013-01-15" 2701.55 33.28699 -116.7032
818 818 "10S03E19R001S" "2013-02-15" 2700.4 33.28699 -116.7032
819 819 "10S03E19R001S" "2013-03-15" 2699.27 33.28699 -116.7032
820 820 "10S03E19R001S" "2013-04-15" 2698.45 33.28699 -116.7032
821 821 "10S03E19R001S" "2013-05-15" 2697.45 33.28699 -116.7032
822 822 "10S03E19R001S" "2013-06-16" 2696.55 33.28699 -116.7032
823 823 "10S03E19R001S" "2013-07-15" 2695.64 33.28699 -116.7032
824 824 "10S03E19R001S" "2013-08-15" 2696.12 33.28699 -116.7032
825 825 "10S03E19R001S" "2013-09-16" 2696.78 33.28699 -116.7032
826 826 "10S03E19R001S" "2013-10-15" 2696.86 33.28699 -116.7032
827 827 "10S03E19R001S" "2013-11-15" 2697 33.28699 -116.7032
828 828 "10S03E19R001S" "2013-12-16" 2696.93 33.28699 -116.7032
829 829 "10S03E19R001S" "2014-01-15" 2696.52 33.28699 -116.7032
830 830 "10S03E19R001S" "2014-02-18" 2696.12 33.28699 -116.7032
831 831 "10S03E19R001S" "2014-03-14" 2695.88 33.28699 -116.7032
832 832 "10S03E19R001S" "2014-04-15" 2695.38 33.28699 -116.7032
833 833 "10S03E19R001S" "2014-05-15" 2694.84 33.28699 -116.7032
834 834 "10S03E19R001S" "2014-06-16" 2694.49 33.28699 -116.7032
835 835 "10S06E21A002S" "2012-04-17" 389.71 33.30063 -116.34947
836 836 "10S06E21A002S" "2012-11-14" 387.62 33.30063 -116.34947
837 837 "10S06E21A002S" "2013-04-09" 387.74 33.30063 -116.34947
838 838 "10S06E21A002S" "2013-11-25" 387.97 33.30063 -116.34947
839 839 "10S06E21A002S" "2014-06-03" 383.2 33.30063 -116.34947
840 840 "10S06E21A002S" "2014-12-09" 385.31 33.30063 -116.34947
841 841 "10S03E17H001S" "2009-01-15" 2887.38 33.31043 -116.68671
842 842 "10S03E17H001S" "2009-02-17" 2889.63 33.31043 -116.68671
843 843 "10S03E17H001S" "2009-03-16" 2888.53 33.31043 -116.68671
844 844 "10S03E17H001S" "2009-04-15" 2888.42 33.31043 -116.68671
845 845 "10S03E17H001S" "2009-05-15" 2889.73 33.31043 -116.68671
846 846 "10S03E17H001S" "2009-06-15" 2890.72 33.31043 -116.68671
847 847 "10S03E17H001S" "2009-07-15" 2890.59 33.31043 -116.68671
848 848 "10S03E17H001S" "2009-08-17" 2890.44 33.31043 -116.68671
849 849 "10S03E17H001S" "2009-09-15" 2890.56 33.31043 -116.68671
850 850 "10S03E17H001S" "2009-10-15" 2890.37 33.31043 -116.68671
851 851 "10S03E17H001S" "2009-11-16" 2890.77 33.31043 -116.68671
852 852 "10S03E17H001S" "2009-12-15" 2890.71 33.31043 -116.68671
853 853 "10S03E17H001S" "2010-01-15" 2890.84 33.31043 -116.68671
854 854 "10S03E17H001S" "2010-02-15" 2893.85 33.31043 -116.68671
855 855 "10S03E17H001S" "2010-03-15" 2895.43 33.31043 -116.68671
856 856 "10S03E17H001S" "2010-04-15" 2895.59 33.31043 -116.68671
857 857 "10S03E17H001S" "2010-05-17" 2892.22 33.31043 -116.68671
858 858 "10S03E17H001S" "2010-06-15" 2896.08 33.31043 -116.68671
859 859 "10S03E17H001S" "2010-07-15" 2895.68 33.31043 -116.68671
860 860 "10S03E17H001S" "2010-08-16" 2895.23 33.31043 -116.68671
861 861 "10S03E17H001S" "2010-09-15" 2894.89 33.31043 -116.68671
862 862 "10S03E17H001S" "2010-10-15" 2894.49 33.31043 -116.68671
863 863 "10S03E17H001S" "2010-11-15" 2894.29 33.31043 -116.68671
864 864 "10S03E17H001S" "2010-12-15" 2894.35 33.31043 -116.68671
865 865 "10S03E17H001S" "2011-01-18" 2896.52 33.31043 -116.68671
866 866 "10S03E17H001S" "2011-02-15" 2896.51 33.31043 -116.68671
867 867 "10S03E17H001S" "2011-03-15" 2898.68 33.31043 -116.68671
868 868 "10S03E17H001S" "2011-04-15" 2898.4 33.31043 -116.68671
869 869 "10S03E17H001S" "2011-05-16" 2898.21 33.31043 -116.68671
870 870 "10S03E17H001S" "2011-06-15" 2897.91 33.31043 -116.68671
871 871 "10S03E17H001S" "2011-07-15" 2898.33 33.31043 -116.68671
872 872 "10S03E17H001S" "2011-08-15" 2897.82 33.31043 -116.68671
873 873 "10S03E17H001S" "2011-09-15" 2897.47 33.31043 -116.68671
874 874 "10S03E17H001S" "2011-10-14" 2896.98 33.31043 -116.68671
875 875 "10S03E17H001S" "2011-11-15" 2896.74 33.31043 -116.68671
876 876 "10S03E17H001S" "2011-12-15" 2896.56 33.31043 -116.68671
877 877 "10S03E17H001S" "2012-01-16" 2896.1 33.31043 -116.68671
878 878 "10S03E17H001S" "2012-02-15" 2896 33.31043 -116.68671
879 879 "10S03E17H001S" "2012-03-15" 2895.8 33.31043 -116.68671
880 880 "10S03E17H001S" "2012-04-16" 2895.52 33.31043 -116.68671
881 881 "10S03E17H001S" "2012-05-15" 2895.55 33.31043 -116.68671
882 882 "10S03E17H001S" "2012-06-15" 2895.16 33.31043 -116.68671
883 883 "10S03E17H001S" "2012-07-16" 2894.86 33.31043 -116.68671
884 884 "10S03E17H001S" "2012-08-15" 2894.58 33.31043 -116.68671
885 885 "10S03E17H001S" "2012-09-17" 2894.18 33.31043 -116.68671
886 886 "10S03E17H001S" "2012-10-15" 2893.97 33.31043 -116.68671
887 887 "10S03E17H001S" "2012-11-15" 2893.85 33.31043 -116.68671
888 888 "10S03E17H001S" "2012-12-17" 2893.7 33.31043 -116.68671
889 889 "10S03E17H001S" "2013-01-15" 2893.5 33.31043 -116.68671
890 890 "10S03E17H001S" "2013-02-15" 2893.58 33.31043 -116.68671
891 891 "10S03E17H001S" "2013-03-15" 2893.45 33.31043 -116.68671
892 892 "10S03E17H001S" "2013-04-15" 2893.31 33.31043 -116.68671
893 893 "10S03E17H001S" "2013-05-15" 2893 33.31043 -116.68671
894 894 "10S03E17H001S" "2013-06-16" 2892.65 33.31043 -116.68671
895 895 "10S03E17H001S" "2013-07-15" 2891.9 33.31043 -116.68671
896 896 "10S03E17H001S" "2013-08-15" 2891.68 33.31043 -116.68671
897 897 "10S03E17H001S" "2013-09-16" 2891.49 33.31043 -116.68671
898 898 "10S03E17H001S" "2013-10-15" 2891.19 33.31043 -116.68671
899 899 "10S03E17H001S" "2013-11-15" 2890.69 33.31043 -116.68671
900 900 "10S03E17H001S" "2013-12-16" 2889.77 33.31043 -116.68671
901 901 "10S03E17H001S" "2014-01-15" 2889.21 33.31043 -116.68671
902 902 "10S03E17H001S" "2014-02-18" 2888.71 33.31043 -116.68671
903 903 "10S03E17H001S" "2014-03-14" 2888.83 33.31043 -116.68671
904 904 "10S03E17H001S" "2014-04-15" 2888.22 33.31043 -116.68671
905 905 "10S03E17H001S" "2014-05-15" 2888.82 33.31043 -116.68671
906 906 "10S03E17H001S" "2014-06-16" 2887.43 33.31043 -116.68671
907 907 "10S03E17H001S" "2014-07-15" 2887.1 33.31043 -116.68671
908 908 "10S03E17H001S" "2014-08-15" 2886.9 33.31043 -116.68671
909 909 "10S03E17H001S" "2014-09-15" 2886.57 33.31043 -116.68671
910 910 "10S03E17H001S" "2014-10-15" 2886.27 33.31043 -116.68671
911 911 "10S03E17H001S" "2014-11-17" 2886.05 33.31043 -116.68671
912 912 "10S07E07C001S" "2008-12-04" 534.61 33.3243 -116.2905
913 913 "09S19E35R001S" "2005-05-24" 400.04 33.3414 -114.9391
914 914 "10S03W01Z005S" "2012-04-09" 262.39 33.3378 -117.1437
915 915 "10S03W01Z005S" "2012-04-10" 262.39 33.3378 -117.1437
916 916 "10S03W01Z005S" "2012-04-12" 263.14 33.3378 -117.1437
917 917 "10S03W01Z005S" "2012-04-19" 262.97 33.3378 -117.1437
918 918 "10S03W01Z005S" "2012-05-22" 262.22 33.3378 -117.1437
919 919 "10S03W01Z005S" "2012-06-25" 262.05 33.3378 -117.1437
920 920 "10S03W01Z005S" "2012-07-11" 261.8 33.3378 -117.1437
921 921 "10S03W01Z005S" "2012-07-20" 259.8 33.3378 -117.1437
922 922 "10S03W01Z005S" "2012-10-30" 262.39 33.3378 -117.1437
923 923 "10S03W01Z005S" "2012-12-18" 261.97 33.3378 -117.1437
924 924 "10S03W01Z005S" "2013-01-02" 262.39 33.3378 -117.1437
925 925 "10S03W01Z005S" "2013-01-19" 262.3 33.3378 -117.1437
926 926 "10S03W01Z005S" "2013-02-20" 262.3 33.3378 -117.1437
927 927 "10S03W01Z005S" "2013-04-18" 262.22 33.3378 -117.1437
928 928 "10S03W01Z005S" "2013-05-09" 262.05 33.3378 -117.1437
929 929 "10S03W01Z005S" "2013-06-13" 259.64 33.3378 -117.1437
930 930 "10S03W01Z005S" "2014-01-23" 262.3 33.3378 -117.1437
931 931 "10S03W01Z005S" "2014-03-01" 262.3 33.3378 -117.1437
932 932 "10S03W01Z005S" "2014-04-25" 261.97 33.3378 -117.1437
933 933 "10S03W01Z005S" "2014-05-09" 261.72 33.3378 -117.1437
934 934 "10S03W01Z005S" "2014-08-19" 259.97 33.3378 -117.1437
935 935 "10S03W01Z001S" "2012-04-09" 266.1 33.3356 -117.1426
936 936 "10S03W01Z001S" "2012-04-12" 266.85 33.3356 -117.1426
937 937 "10S03W01Z001S" "2012-05-22" 265.93 33.3356 -117.1426
938 938 "10S03W01Z001S" "2012-06-25" 265.76 33.3356 -117.1426
939 939 "10S03W01Z001S" "2012-07-11" 265.51 33.3356 -117.1426
940 940 "10S03W01Z001S" "2012-07-20" 263.51 33.3356 -117.1426
941 941 "10S03W01Z001S" "2012-10-30" 266.1 33.3356 -117.1426
942 942 "10S03W01Z001S" "2012-12-18" 265.7 33.3356 -117.1426
943 943 "10S03W01Z001S" "2013-01-02" 266.1 33.3356 -117.1426
944 944 "10S03W01Z001S" "2013-02-20" 266.01 33.3356 -117.1426
945 945 "10S03W01Z001S" "2013-04-18" 265.93 33.3356 -117.1426
946 946 "10S03W01Z001S" "2013-05-07" 265.76 33.3356 -117.1426
947 947 "10S03W01Z001S" "2013-06-13" 263.35 33.3356 -117.1426
948 948 "10S03W01Z001S" "2013-12-09" 266.01 33.3356 -117.1426
949 949 "10S03W01Z001S" "2014-01-23" 266.01 33.3356 -117.1426
950 950 "10S03W01Z001S" "2014-03-01" 266.01 33.3356 -117.1426
951 951 "10S03W01Z001S" "2014-04-25" 265.68 33.3356 -117.1426
952 952 "10S03W01Z001S" "2014-05-09" 265.43 33.3356 -117.1426
953 953 "10S03W01Z001S" "2014-08-19" 263.68 33.3356 -117.1426
954 954 "09S09E04M001S" "2000-03-30" -238.84 33.417 -116.0508
955 955 "09S09E04M001S" "2005-03-24" -246.62 33.417 -116.0508
956 956 "09S09E04M001S" "2005-10-26" -246.95 33.417 -116.0508
957 957 "09S09E04M001S" "2006-03-23" -248.33 33.417 -116.0508
958 958 "09S09E04M001S" "2006-10-25" -248.62 33.417 -116.0508
959 959 "09S09E04M001S" "2007-02-14" -247.73 33.417 -116.0508
960 960 "09S09E04M001S" "2007-10-12" -248.11 33.417 -116.0508
961 961 "09S09E04M001S" "2008-03-27" -248.57 33.417 -116.0508
962 962 "09S09E04M001S" "2008-10-29" -246.87 33.417 -116.0508
963 963 "09S09E04M001S" "2009-03-31" -247.35 33.417 -116.0508
964 964 "09S09E04M001S" "2009-10-16" -244.97 33.417 -116.0508
965 965 "09S09E04M001S" "2010-03-25" -245.75 33.417 -116.0508
966 966 "09S09E04M001S" "2010-10-28" -243.56 33.417 -116.0508
967 967 "09S21E03R002S" "2006-01-01" 223.18 33.4192 -114.7417
968 968 "09S21E03R002S" "2006-02-02" 223.06 33.4192 -114.7417
969 969 "09S21E03R002S" "2006-03-03" 223.29 33.4192 -114.7417
970 970 "09S21E03R002S" "2006-04-04" 223.13 33.4192 -114.7417
971 971 "09S21E03R002S" "2006-05-05" 223.29 33.4192 -114.7417
972 972 "09S21E03R002S" "2006-05-17" 223.25 33.4192 -114.7417
973 973 "09S21E03R002S" "2006-05-18" 223.26 33.4192 -114.7417
974 974 "09S21E03R002S" "2006-05-19" 223.29 33.4192 -114.7417
975 975 "08S02W28Q003S" "2005-04-08" 1080.56 33.4486 -117.0901
976 976 "08S02W28Q003S" "2005-05-09" 1080.5 33.4486 -117.0901
977 977 "08S02W28Q003S" "2005-06-09" 1080.36 33.4486 -117.0901
978 978 "08S02W28Q003S" "2005-07-11" 1080.03 33.4486 -117.0901
979 979 "08S21E28R002S" "2006-03-28" 227.48 33.4488 -114.7829
980 980 "08S21E28R002S" "2006-03-29" 227.43 33.4488 -114.7829
981 981 "08S21E28R002S" "2010-03-23" 227.27 33.4488 -114.7829
982 982 "08S21E28P001S" "2006-03-28" 214.55 33.4489 -114.7887
983 983 "08S02W28Q006S" "2000-01-06" 1006 33.4475 -117.0882
984 984 "08S02W28Q006S" "2000-02-09" 1011.01 33.4475 -117.0882
985 985 "08S02W28Q006S" "2000-03-13" 1015.92 33.4475 -117.0882
986 986 "08S02W28Q006S" "2000-04-03" 1018.53 33.4475 -117.0882
987 987 "08S02W28Q006S" "2000-05-09" 1023.33 33.4475 -117.0882
988 988 "08S02W28Q006S" "2005-01-04" 1104.86 33.4475 -117.0882
989 989 "08S02W28Q006S" "2005-02-04" 1108.45 33.4475 -117.0882
990 990 "08S02W28Q006S" "2005-03-02" 1115.41 33.4475 -117.0882
991 991 "08S02W28Q006S" "2005-04-08" 1126.63 33.4475 -117.0882
992 992 "08S02W28Q006S" "2005-05-09" 1130.67 33.4475 -117.0882
993 993 "08S02W28Q006S" "2005-06-09" 1130.73 33.4475 -117.0882
994 994 "08S02W28Q006S" "2005-07-11" 1130.36 33.4475 -117.0882
995 995 "08S02W28Q006S" "2005-08-02" 1129.81 33.4475 -117.0882
996 996 "08S02W28Q006S" "2005-09-02" 1128.84 33.4475 -117.0882
997 997 "08S02W28Q006S" "2005-10-07" 1127.05 33.4475 -117.0882
998 998 "08S02W28Q006S" "2005-11-04" 1126.26 33.4475 -117.0882
999 999 "08S02W28Q006S" "2005-12-09" 1125.46 33.4475 -117.0882
1000 1000 "08S02W28Q006S" "2006-01-11" 1124.74 33.4475 -117.0882
